86
87
88
89
90
91
92
93
94
95
96
99
100
209
210
211
212
213
214
215
216
217
218
219
220
221
222
223
224
225
226
227
228
229
230
231
232
233
234
235
236
237
238
239
240
241
242
243
244
245
246
247
248
249
250
251
252
253
254
255
256
257
258
259
260
261
263
264
266
267
268
269
270
271
272
273
274
275
276
277
278
279
280
281
282
283
284
285
286
287
288
289
290
291
292
293
294
295
296
297
298
299
300
301
302
303
304
305
306
307
308
309
310
311
312
313
314
315
316
317
318
319
320
321
322
323
324
325
326
327
328
329
330
331
332
333
334
335
336
337
338
339
340
341
342
343
344
345
346
347
348
349
350
351
352
353
354
355
356
357
358
359
360
361
362
363
364
365
366
367
368
369
370
371
372
373
374
375
376
377
378
379
380
381
382
383
384
385
386
387
388
389
390
391
392
393
394
395
396
397
398
399
400
401
402
405
406
407
408
409
410
411
413
414
417
419
421
423
424
425
426
430
431
432
434
435
437
438
439
440
441
442
443
444
446
447
449
452
454
455
457
459
461
462
463
465
467
469
471
473
474
475
477
479
481
482
485
487
489
491
492
493
495
497
499
503
505
507
509
510
512
514
516
518
520
523
525
527
529
531
533
535
537
539
541
543
544
546
548
550
552
553
554
556
558
559
565
567
569
571
573
575
577
579
581
583
585
587
589
591
593
595
597
599
601
602
605
607
609
611
613
615
617
619
620
622
624
626
628
630
632
633
635
637
638
639
641
642
644
646
647
649
650
652
654
656
657
659
661
663
667
669
671
673
674
675
677
1211
1213
1215
1217
1219
1221
1223
1225
1227
1229
1231
1233
1235
1237
1239
1241
1243
1245
1247
1249
1251
1253
1255
1257
1259
1261
1262
1263
1267
1269
1271
1273
1275
1277
1279
1281
1283
1285
1287
1289
1291
1293
1295
1297
1299
1300
1301
1302
1303
1304
1305
1306
1307
1308
1309
1310
1311
1312
1313
1314
1315
1316
1317
1318
1319
1320
1321
1322
1323
1324
1325
1327
1329
1330
1332
1334
1335
1336
1338
1340
1342
1343
1344
1346
1348
1350
1352
1354
1356
1358
1360
1362
1364
1365
1366
1367
1368
1369
1370
1371
1372
1373
1374
1375
1376
1377
1378
1379
1380
1381
1382
1383
1384
1385
1386
1387
1388
1389
1390
1391
1392
1393
1394
1395
1396
1398
1400
1402
1404
1406
1408
1410
1412
1414
1416
1418
1420
1422
1424
1426
1427
1428
1429
1430
1431
1432
1433
1434
1435
1436
1439
1441
1443
1444
1445
1447
1449
1451
1453
1455
1457
1459
1461
1463
1464
1467
1468
1469
1470
1471
1472
1473
1481
1482
1483
1487
1490
1492
1493
1494
1495
1496
1497
1504
1505
1506
1507
1508
1509
1510
1511
1512
1513
1514
1515
1516
1517
1518
1519
1520
1521
1522
1523
1524
1525
1526
1527
1528
1529
1530
1531
1532
1533
1534
1535
1536
1537
1564
1565
1566
1567
1568
1569
1570
1571
1572
1573
1574
1575
1576
1577
1592
1593
1594
1595
1596
1597
1598
1599
1600
1601
1602
1603
1604
1605
1606
1607
1608
1609
1610
1611
1612
1613
1614
1615
1616
1617
1618
1619
1620
1621
1622
1623
1624
1625
1626
1627
1628
1629
1630
1631
1632
1633
1634
1635
1636
1637
1638
1639
1640
1641
1642
1643
1644
1645
1646
1647
1648
1649
1650
1651
1652
1653
1654
1655
1656
1657
1658
1659
1660
1661
1662
1663
1664
1665
1666
1667
1668
1669
1670
1671
1672
1673
1674
1675
1676
1677
1678
1679
1680
1681
1682
1683
1684
1685
1686
1687
1688
1689
1690
1691
1692
1693
1694
1695
1696
1697
1698
1699
1700
1701
